# XMIN = -0.5, XMAX = 0.5, NX = 1
# YMIN = 0, YMAX = 0.81, NY = 100
# ZMIN = -0.5, ZMAX = 0.5, NZ = 1
-0.5  0  -0.5  0  0  0  1
-0.5  0.00818182  -0.5  0  0  0  0.989704
-0.5  0.0163636  -0.5  0  0  0  0.979407
-0.5  0.0245455  -0.5  0  0  0  0.969111
-0.5  0.0327273  -0.5  0  0  0  0.958814
-0.5  0.0409091  -0.5  0  0  0  0.952112
-0.5  0.0490909  -0.5  0  0  0  0.946792
-0.5  0.0572727  -0.5  0  0  0  0.941472
-0.5  0.0654545  -0.5  0  0  0  0.936152
-0.5  0.0736364  -0.5  0  0  0  0.930833
-0.5  0.0818182  -0.5  0  0  0  0.925513
-0.5  0.09  -0.5  0  0  0  0.920193
-0.5  0.0981818  -0.5  0  0  0  0.914873
-0.5  0.106364  -0.5  0  0  0  0.909553
-0.5  0.114545  -0.5  0  0  0  0.904233
-0.5  0.122727  -0.5  0  0  0  0.898914
-0.5  0.130909  -0.5  0  0  0  0.893594
-0.5  0.139091  -0.5  0  0  0  0.888274
-0.5  0.147273  -0.5  0  0  0  0.882954
-0.5  0.155455  -0.5  0  0  0  0.876157
-0.5  0.163636  -0.5  0  0  0  0.844238
-0.5  0.171818  -0.5  0  0  0  0.812319
-0.5  0.18  -0.5  0  0  0  0.7804
-0.5  0.188182  -0.5  0  0  0  0.77641
-0.5  0.196364  -0.5  0  0  0  0.77242
-0.5  0.204545  -0.5  0  0  0  0.76843
-0.5  0.212727  -0.5  0  0  0  0.76444
-0.5  0.220909  -0.5  0  0  0  0.76045
-0.5  0.229091  -0.5  0  0  0  0.75646
-0.5  0.237273  -0.5  0  0  0  0.75247
-0.5  0.245455  -0.5  0  0  0  0.748481
-0.5  0.253636  -0.5  0  0  0  0.732078
-0.5  0.261818  -0.5  0  0  0  0.700159
-0.5  0.27  -0.5  0  0  0  0.66824
-0.5  0.278182  -0.5  0  0  0  0.647182
-0.5  0.286364  -0.5  0  0  0  0.643192
-0.5  0.294545  -0.5  0  0  0  0.639202
-0.5  0.302727  -0.5  0  0  0  0.635212
-0.5  0.310909  -0.5  0  0  0  0.631223
-0.5  0.319091  -0.5  0  0  0  0.627233
-0.5  0.327273  -0.5  0  0  0  0.623243
-0.5  0.335455  -0.5  0  0  0  0.619253
-0.5  0.343636  -0.5  0  0  0  0.615263
-0.5  0.351818  -0.5  0  0  0  0.587999
-0.5  0.36  -0.5  0  0  0  0.55608
-0.5  0.368182  -0.5  0  0  0  0.524161
-0.5  0.376364  -0.5  0  0  0  0.513965
-0.5  0.384545  -0.5  0  0  0  0.509975
-0.5  0.392727  -0.5  0  0  0  0.505985
-0.5  0.400909  -0.5  0  0  0  0.501995
-0.5  0.409091  -0.5  0  0  0  0.498005
-0.5  0.417273  -0.5  0  0  0  0.494015
-0.5  0.425455  -0.5  0  0  0  0.490025
-0.5  0.433636  -0.5  0  0  0  0.486035
-0.5  0.441818  -0.5  0  0  0  0.475839
-0.5  0.45  -0.5  0  0  0  0.44392
-0.5  0.458182  -0.5  0  0  0  0.412001
-0.5  0.466364  -0.5  0  0  0  0.384737
-0.5  0.474545  -0.5  0  0  0  0.380747
-0.5  0.482727  -0.5  0  0  0  0.376757
-0.5  0.490909  -0.5  0  0  0  0.372767
-0.5  0.499091  -0.5  0  0  0  0.368777
-0.5  0.507273  -0.5  0  0  0  0.364788
-0.5  0.515455  -0.5  0  0  0  0.360798
-0.5  0.523636  -0.5  0  0  0  0.356808
-0.5  0.531818  -0.5  0  0  0  0.352818
-0.5  0.54  -0.5  0  0  0  0.33176
-0.5  0.548182  -0.5  0  0  0  0.299841
-0.5  0.556364  -0.5  0  0  0  0.267922
-0.5  0.564545  -0.5  0  0  0  0.251519
-0.5  0.572727  -0.5  0  0  0  0.24753
-0.5  0.580909  -0.5  0  0  0  0.24354
-0.5  0.589091  -0.5  0  0  0  0.23955
-0.5  0.597273  -0.5  0  0  0  0.23556
-0.5  0.605455  -0.5  0  0  0  0.23157
-0.5  0.613636  -0.5  0  0  0  0.22758
-0.5  0.621818  -0.5  0  0  0  0.22359
-0.5  0.63  -0.5  0  0  0  0.2196
-0.5  0.638182  -0.5  0  0  0  0.187681
-0.5  0.646364  -0.5  0  0  0  0.155762
-0.5  0.654545  -0.5  0  0  0  0.123843
-0.5  0.662727  -0.5  0  0  0  0.117046
-0.5  0.670909  -0.5  0  0  0  0.111726
-0.5  0.679091  -0.5  0  0  0  0.106406
-0.5  0.687273  -0.5  0  0  0  0.101086
-0.5  0.695455  -0.5  0  0  0  0.0957665
-0.5  0.703636  -0.5  0  0  0  0.0904467
-0.5  0.711818  -0.5  0  0  0  0.0851269
-0.5  0.72  -0.5  0  0  0  0.079807
-0.5  0.728182  -0.5  0  0  0  0.0744872
-0.5  0.736364  -0.5  0  0  0  0.0691674
-0.5  0.744545  -0.5  0  0  0  0.0638475
-0.5  0.752727  -0.5  0  0  0  0.0585277
-0.5  0.760909  -0.5  0  0  0  0.0532079
-0.5  0.769091  -0.5  0  0  0  0.047888
-0.5  0.777273  -0.5  0  0  0  0.0411858
-0.5  0.785455  -0.5  0  0  0  0.0308894
-0.5  0.793636  -0.5  0  0  0  0.0205929
-0.5  0.801818  -0.5  0  0  0  0.0102965
-0.5  0.81  -0.5  0  0  0  0
