# XMIN = -0.5, XMAX = 0.5, NX = 1
# YMIN = 0, YMAX = 0.335, NY = 100
# ZMIN = -0.5, ZMAX = 0.5, NZ = 1
-0.5  0  -0.5  0  0  0  1
-0.5  0.00338384  -0.5  0  0  0  0.987537
-0.5  0.00676768  -0.5  0  0  0  0.975073
-0.5  0.0101515  -0.5  0  0  0  0.96261
-0.5  0.0135354  -0.5  0  0  0  0.950146
-0.5  0.0169192  -0.5  0  0  0  0.937683
-0.5  0.020303  -0.5  0  0  0  0.925219
-0.5  0.0236869  -0.5  0  0  0  0.912756
-0.5  0.0270707  -0.5  0  0  0  0.900292
-0.5  0.0304545  -0.5  0  0  0  0.887829
-0.5  0.0338384  -0.5  0  0  0  0.875365
-0.5  0.0372222  -0.5  0  0  0  0.866858
-0.5  0.0406061  -0.5  0  0  0  0.860418
-0.5  0.0439899  -0.5  0  0  0  0.853979
-0.5  0.0473737  -0.5  0  0  0  0.847539
-0.5  0.0507576  -0.5  0  0  0  0.8411
-0.5  0.0541414  -0.5  0  0  0  0.83466
-0.5  0.0575253  -0.5  0  0  0  0.828221
-0.5  0.0609091  -0.5  0  0  0  0.821781
-0.5  0.0642929  -0.5  0  0  0  0.815342
-0.5  0.0676768  -0.5  0  0  0  0.808902
-0.5  0.0710606  -0.5  0  0  0  0.802463
-0.5  0.0744444  -0.5  0  0  0  0.796023
-0.5  0.0778283  -0.5  0  0  0  0.789584
-0.5  0.0812121  -0.5  0  0  0  0.783145
-0.5  0.084596  -0.5  0  0  0  0.776705
-0.5  0.0879798  -0.5  0  0  0  0.770266
-0.5  0.0913636  -0.5  0  0  0  0.763826
-0.5  0.0947475  -0.5  0  0  0  0.757387
-0.5  0.0981313  -0.5  0  0  0  0.750947
-0.5  0.101515  -0.5  0  0  0  0.744508
-0.5  0.104899  -0.5  0  0  0  0.738068
-0.5  0.108283  -0.5  0  0  0  0.731629
-0.5  0.111667  -0.5  0  0  0  0.725189
-0.5  0.115051  -0.5  0  0  0  0.71875
-0.5  0.118434  -0.5  0  0  0  0.71231
-0.5  0.121818  -0.5  0  0  0  0.705871
-0.5  0.125202  -0.5  0  0  0  0.699431
-0.5  0.128586  -0.5  0  0  0  0.692992
-0.5  0.13197  -0.5  0  0  0  0.686552
-0.5  0.135354  -0.5  0  0  0  0.680113
-0.5  0.138737  -0.5  0  0  0  0.673674
-0.5  0.142121  -0.5  0  0  0  0.667234
-0.5  0.145505  -0.5  0  0  0  0.660795
-0.5  0.148889  -0.5  0  0  0  0.654355
-0.5  0.152273  -0.5  0  0  0  0.647916
-0.5  0.155657  -0.5  0  0  0  0.635229
-0.5  0.15904  -0.5  0  0  0  0.596592
-0.5  0.162424  -0.5  0  0  0  0.557955
-0.5  0.165808  -0.5  0  0  0  0.519318
-0.5  0.169192  -0.5  0  0  0  0.480682
-0.5  0.172576  -0.5  0  0  0  0.442045
-0.5  0.17596  -0.5  0  0  0  0.403408
-0.5  0.179343  -0.5  0  0  0  0.364771
-0.5  0.182727  -0.5  0  0  0  0.352084
-0.5  0.186111  -0.5  0  0  0  0.345645
-0.5  0.189495  -0.5  0  0  0  0.339205
-0.5  0.192879  -0.5  0  0  0  0.332766
-0.5  0.196263  -0.5  0  0  0  0.326326
-0.5  0.199646  -0.5  0  0  0  0.319887
-0.5  0.20303  -0.5  0  0  0  0.313448
-0.5  0.206414  -0.5  0  0  0  0.307008
-0.5  0.209798  -0.5  0  0  0  0.300569
-0.5  0.213182  -0.5  0  0  0  0.294129
-0.5  0.216566  -0.5  0  0  0  0.28769
-0.5  0.219949  -0.5  0  0  0  0.28125
-0.5  0.223333  -0.5  0  0  0  0.274811
-0.5  0.226717  -0.5  0  0  0  0.268371
-0.5  0.230101  -0.5  0  0  0  0.261932
-0.5  0.233485  -0.5  0  0  0  0.255492
-0.5  0.236869  -0.5  0  0  0  0.249053
-0.5  0.240253  -0.5  0  0  0  0.242613
-0.5  0.243636  -0.5  0  0  0  0.236174
-0.5  0.24702  -0.5  0  0  0  0.229734
-0.5  0.250404  -0.5  0  0  0  0.223295
-0.5  0.253788  -0.5  0  0  0  0.216855
-0.5  0.257172  -0.5  0  0  0  0.210416
-0.5  0.260556  -0.5  0  0  0  0.203977
-0.5  0.263939  -0.5  0  0  0  0.197537
-0.5  0.267323  -0.5  0  0  0  0.191098
-0.5  0.270707  -0.5  0  0  0  0.184658
-0.5  0.274091  -0.5  0  0  0  0.178219
-0.5  0.277475  -0.5  0  0  0  0.171779
-0.5  0.280859  -0.5  0  0  0  0.16534
-0.5  0.284242  -0.5  0  0  0  0.1589
-0.5  0.287626  -0.5  0  0  0  0.152461
-0.5  0.29101  -0.5  0  0  0  0.146021
-0.5  0.294394  -0.5  0  0  0  0.139582
-0.5  0.297778  -0.5  0  0  0  0.133142
-0.5  0.301162  -0.5  0  0  0  0.124635
-0.5  0.304545  -0.5  0  0  0  0.112171
-0.5  0.307929  -0.5  0  0  0  0.0997079
-0.5  0.311313  -0.5  0  0  0  0.0872445
-0.5  0.314697  -0.5  0  0  0  0.074781
-0.5  0.318081  -0.5  0  0  0  0.0623175
-0.5  0.321465  -0.5  0  0  0  0.049854
-0.5  0.324848  -0.5  0  0  0  0.0373905
-0.5  0.328232  -0.5  0  0  0  0.024927
-0.5  0.331616  -0.5  0  0  0  0.0124635
-0.5  0.335  -0.5  0  0  0  1.66533e-16
